---
poses:
- x: -35.0
  y: 55.0
  heading: 3.141592653589793
- x: 45.0
  y: 59.0
  heading: 3.141592653589793
constraints:
  maximumVelocity: 30.0
  maximumAcceleration: 30.0
  maximumAngularVelocity: 3.141592653589793
  maximumAngularAcceleration: 6.283185307179586
resolution: 1000
