---
poses:
- x: -35.0
  y: 60.0
  heading: 3.141592653589793
- x: -35.0
  y: 60.0
  heading: 0.0
- x: 25.0
  y: 56.5
  heading: 0.0
constraints:
  maximumVelocity: 30.0
  maximumAcceleration: 30.0
  maximumAngularVelocity: 1.3089969389957472
  maximumAngularAcceleration: 1.5707963267948966
resolution: 250
