---
poses:
- x: 14.3
  y: 14.3
  heading: 0.7853981633974483
- x: 16.0
  y: 42.0
  heading: 2.0943951023931953
- x: 16.0
  y: 42.0
  heading: 3.141592653589793
- x: -20.0
  y: 58.0
  heading: 3.141592653589793
- x: -38.0
  y: 58.0
  heading: 3.141592653589793
constraints:
  maximumVelocity: 35.0
  maximumAcceleration: 35.0
  maximumAngularVelocity: 3.141592653589793
  maximumAngularAcceleration: 6.283185307179586
resolution: 300
