---
poses:
- x: -35.0
  y: 58.0
  heading: 3.141592653589793
- x: 0.0
  y: 46.0
  heading: 2.443460952792061
- x: 19.0
  y: 19.0
  heading: 1.5707963267948966
- x: 19.0
  y: 19.0
  heading: 0.7853981633974483
constraints:
  maximumVelocity: 35.0
  maximumAcceleration: 35.0
  maximumAngularVelocity: 3.141592653589793
  maximumAngularAcceleration: 6.283185307179586
resolution: 600
