---
poses:
- x: 18.0
  y: 18.0
  heading: 0.7853981633974483
- x: 25.0
  y: 45.0
  heading: 0.4363323129985824
- x: 0.0
  y: 57.0
  heading: 0.0
- x: 0.0
  y: 57.0
  heading: 3.141592653589793
- x: -35.0
  y: 62.0
  heading: 3.141592653589793
constraints:
  maximumVelocity: 15.0
  maximumAcceleration: 20.0
  maximumAngularVelocity: 1.3089969389957472
  maximumAngularAcceleration: 1.5707963267948966
resolution: 250
