---
poses:
- x: 18.0
  y: 18.0
  heading: 0.7853981633974483
- x: 35.0
  y: 35.0
  heading: 0.3490658503988659
- x: 13.0
  y: 42.0
  heading: -0.3490658503988659
- x: 0.0
  y: 56.0
  heading: 0.0
- x: 0.0
  y: 56.0
  heading: 3.141592653589793
- x: -35.0
  y: 61.0
  heading: 3.141592653589793
constraints:
  maximumVelocity: 15.0
  maximumAcceleration: 20.0
  maximumAngularVelocity: 1.3089969389957472
  maximumAngularAcceleration: 1.5707963267948966
resolution: 250
