---
poses:
- x: -35.0
  y: 55.0
  heading: 3.141592653589793
- x: 45.0
  y: 61.0
  heading: 3.141592653589793
constraints:
  maximumVelocity: 30.0
  maximumAcceleration: 30.0
  maximumAngularVelocity: 1.5707963267948966
  maximumAngularAcceleration: 3.141592653589793
resolution: 250
