---
poses:
- x: -15.0
  y: 15.0
  heading: 2.356194490192345
- x: -40.0
  y: 40.0
  heading: 2.356194490192345
constraints:
  maximumVelocity: 15.0
  maximumAcceleration: 20.0
  maximumAngularVelocity: 1.5707963267948966
  maximumAngularAcceleration: 3.141592653589793
resolution: 1000
