---
poses:
- x: -15.0
  y: 15.0
  heading: 2.356194490192345
- x: -25.0
  y: 45.0
  heading: 2.356194490192345
- x: -15.0
  y: 15.0
  heading: 2.356194490192345
- x: -45.0
  y: 12.0
  heading: 3.141592653589793
- x: -56.0
  y: 12.0
  heading: 3.141592653589793
- x: -60.0
  y: 35.0
  heading: 1.5707963267948966
constraints:
  maximumVelocity: 15.0
  maximumAcceleration: 20.0
  maximumAngularVelocity: 1.5707963267948966
  maximumAngularAcceleration: 3.141592653589793
resolution: 250
