---
poses:
- x: -14.3
  y: 14.3
  heading: 2.356194490192345
- x: -43.0
  y: 43.0
  heading: 2.356194490192345
constraints:
  maximumVelocity: 35.0
  maximumAcceleration: 35.0
  maximumAngularVelocity: 3.141592653589793
  maximumAngularAcceleration: 6.283185307179586
resolution: 250
