---
poses:
- x: -18.0
  y: 18.0
  heading: 2.356194490192345
- x: -45.0
  y: 25.0
  heading: 2.356194490192345
- x: -55.0
  y: 35.0
  heading: 1.5707963267948966
constraints:
  maximumVelocity: 15.0
  maximumAcceleration: 20.0
  maximumAngularVelocity: 1.3089969389957472
  maximumAngularAcceleration: 1.5707963267948966
resolution: 250
