---
poses:
- x: -55.0
  y: 35.0
  heading: 1.5707963267948966
- x: -60.0
  y: -35.0
  heading: 1.5707963267948966
constraints:
  maximumVelocity: 30.0
  maximumAcceleration: 30.0
  maximumAngularVelocity: 1.5707963267948966
  maximumAngularAcceleration: 3.141592653589793
resolution: 1000
