---
poses:
- x: -43.0
  y: 43.0
  heading: 2.356194490192345
- x: -57.0
  y: 40.0
  heading: 4.71238898038469
- x: -64.0
  y: -20.0
  heading: 4.799655442984406
constraints:
  maximumVelocity: 30.0
  maximumAcceleration: 30.0
  maximumAngularVelocity: 1.3089969389957472
  maximumAngularAcceleration: 1.5707963267948966
resolution: 250
