---
poses:
- x: -43.0
  y: 43.0
  heading: 2.356194490192345
- x: -58.5
  y: 40.0
  heading: 4.71238898038469
- x: -58.5
  y: 0.0
  heading: 4.71238898038469
constraints:
  maximumVelocity: 30.0
  maximumAcceleration: 30.0
  maximumAngularVelocity: 3.141592653589793
  maximumAngularAcceleration: 6.283185307179586
resolution: 300
