---
poses:
- x: -21.56
  y: 21.56
  heading: 2.356194490192345
- x: -50.0
  y: 0.0
  heading: 3.9269908169872414
constraints:
  maximumVelocity: 25.0
  maximumAcceleration: 40.0
  maximumAngularVelocity: 3.141592653589793
  maximumAngularAcceleration: 6.283185307179586
resolution: 250
